1889707409511182690
1888989856904405375
1888654679996875036
1888652194783650270
1888555221539750153
1888555105441439894
1888534106759147823
1887977025144578101
1887967732194595294
1887597730517950485
1887569728304259556
1887533744166158405
1887522193979920418
1887519089125359889
1887518822011122012
1887497121139478565
1887496818491060632
1887366238814282006
1887271187555725615
1887250107952762893
1887200402661408790
1887135656805068814
1887127316922294370
1886108048424362440
1886049989748777175
1886045531429835210
1886040232727810210
1886039404986191930
1886038233730978031
1886036220708364778
1886031285103063512
1885706625161331159
1884806526755332119
1884727498245652878
1884440402595332430
1884436725272924480
1884381964414714096
1884364852740907124
1884362241794781242
1884303089366446114
1884027089806057499
1884027189391417821
1884017280524370115
1883966758345924836
1883901278780260555
1883724197861732424
1883722625635275099
1883718158600835282
1883717059118592077
1883716343306059906
1883710511566716977
1883708033538343341
1883657400340946997
1883655001421259119
1883652743698788562
1883210192462238107
1883199606835839256
1883198532557140332
1882998136110723583
1882996070604763424
1882963632788775118
1882963093778833549
1882603531649331530
1882526765618508004
1882474112859439129
1882445595547443500
1881920572927688898
1881788909056905365
1881739409101639687
1881736052874076196
1881731656077238342
1881683124280602790
1881673608529113520
1881671511943393495
1881655381451313191
1881653540193755495
1881409496591007748
1881396071970246848
1881367049609335028
1881371190100685183
1881368072927559714
1881360014306373637
1881358940099039408
1881186823906721928
1881185248173862929
1881183782826586595
1881180774382412035
1881119238703976768
1881118115930722697
1881117363778793611
1881114677213896866
1881109147422470159
1881108820690375031
1881104444819206359
1881102689775566961
1881098489662517436
1881098139438076110
1881095642296303863
1881094693137895900
1881094156250202343
1881093319121637392
1881061193147904319
1881052685257887833
1881013711168815505
1880989536978919668
1880968246687416678
1880700610611474771
1880671774347854014
1880644116134211877
1880641270647071124
1880640585708847475
1880399474671120589
1880397748102656209
1880397210799714801
1880355806719406462
1879930206145720720
1879677172451025251
1879559777925410835
1879545932225855793
1879320717415915918
1879194146205995167
1878948084216111159
1878933614156800252
1878611329348673917
1878125713443668141
1878115874336358759
1878099817408221320
1878099170638041141
1877919690812522671
1877920029359866159
1877867099659415772
1877854491099156816
1877851034170556910
1877828373566611568
1877796762221429122
1877793883385733319
1877784212515823955
1877780622812287310
1877777579639177303
1877761925284593990
1877735512011592028
1877582548424966543
1877580733696376862
1877578037799104680
1877573104483881438
1877573550455836950
1877565185285665040
1877564054539051188
1877475070299214077
1877464637622407520
1877458891434250596
1877177312929550362
1877173481768382918
1876855692025340020
1872015194576347312
1872012364289311228
1872010144839819387
1871999564393439271
1871994647112802677
1871987279306392051
1871979844298211798
1871687802066243801
1871681734569607345
1871595284373045541
1871594853064400915
1871591305371156590
1871393374273741290
1871390935940305022
1871329529425428898
1871327168342655115
1871322509041336799
1871312591735439843
1871310283601559644
1871287679431684477
1871065596294492476
1871060514459025845
1871053879271407638
1871044737685430376
1870962795610509587
1870471674967326746
1870469221001674922
1870465897556513269
1870441882246873362
1870159090128748979
1870156849120731339
1870154907711353083
1870153358452859027
1870151997522915840
1870148423850061897
1870140578802909479
1870138259512406380
1870131786317213866
1869972081800274371
1869968620815622541
1869966995170398289
1869961248361566351
1869962653294002325
1869958733901484104
1869955816138178763
1869956221362438438
1869952590886092839
1869944293021962338
1869941207570493623
1869936913391690023
1869932050859602269
1869919757740245449
1869901763806953893
1869849196712309161
1869792031486423414
1869532434834112701
1869507967336542404
1869465709056815484
1869437553730023677
1869140850523160896
1869123116049592684
1869120126508990560
1868157896690966841
1867940206365626760
1867725194338394562
1867668002013061397
1867345421179252792
1867019160359932105
1866549813401059624
1866546962729931083
1865829560769819063
1865060709584843232
1865057253440590212
1864519403200532800
1864402725468774451
1864326646225829932
1863276356911468825
1862515035924271160
1862502001738690997
1862430442776821763
1862421787646067126
1862321888480911822
1860339165486821564
1860323606317637973
1858555437496340828
1858545339680072186
1858313708365320329
1857852619827417257
1856798476350402706
1856404092941422973
1854738927174746618
1852420954212684022
1852113635377656264
1851940015481176230
1851937654239035782
1851767268545315098
1851763900057850227
1851754679090151792
1851412932812288150
1851289756644016345
1851288819326242837
1849916861040693449
1849480913513484430
1849254859201233121
1849066500650315869
1849064815316078858
1848686511136370832
1848692318703845673
1846360352239292823
1845541700447670703
1844733357449449616
1844458475503616115
1843759818542330336
1842325591334560084
1841887348440613123
1840869352125378718
1838923961372909842
1838637548505096313
1838631596460495168
1817541929720012832
1811349481666830481
1811352175970251089
1811350070068928889
1809164010471780490
1808863139796042011
1806371030551728448
1806366050503610495
1806086662398550170
1806050632115318918
1806008050504945844
1805996908663488757
1805994380320211309
1805991278271738315
1805988505425739981
1805969894489403881
1805649675875176773
1805365300050665511
1805172904054681790
1804931713560182846
1804918683426337265
1804915162618454427
1804237450556117369
1804235988794769507
1804100956348371392
1803763708927127991
1803542884274110588
1803371554660602360
1802772924883169418
1802773975954845776
1802729278225657894
1802727696297816270
1801784500696887658
1801038928524320844
1800653872546840919
1800473902310998140
1800470434569392587
1800169143028817940
1799442322368643276
1793040566327882132
1791423439451910402
1788226396923252950
1786819491462021248
1785627169504342240
1781681735811334414
1781009230293590153
1780586744510881794
1778858489953112398
1778854073803968982
1778845983318634522
1778843296497848428
1778836376928063758
1777777498413056483
1777708973954642214
1777676729227542569
1777674084500803986
1777671182784807395
1776992277681857002
1776343628807274677
1775643751781720394
1775517197118419133
1775102853863895107
1774836977738588638
1774750384239575461
1773076271875895647
1772748999147057389
1772743604705865886
1772669803502666172
1772383593869774985
1771192096080179295
1770104146894434725
1770091873572454649
1770092929673056282
1770081181607887298
1769871431255437501
1769547546156790204
1769540908087673213
1769460594304815451
1769341429254332498
1769045728180015140
1769002755924836500
1768997407226757183
1768995451242438860
1768620912985702871
1768328562933629369
1767281301319450797
1767277593705742702
1765482678684385281
1765481172245639660
1765454901792899373
1764257267841401144
1763440721397198953
1763259876975783975
1763256028492079335
1763253921210831296
1763194562506375405
1762937173152522548
1761458863109206295
1760762260593529202
1759211134584766965
1759194881149329758
1758866444433887699
1758459803108565336
1758102061386813762
1757863676827079074
1757852437753254116
1757769725533200519
1757766888396881948
1757762858819912128
1756374562357313542
1756345806896918610
1756047339410653510
1756046560205394206
1755944041806450711
1755398160917074392
1755394185169920403
1755390438192599500
1755303325329727552
1755244319500304462
1753993335016996936
1752751431172407779
1752330318529400980
1752104460011155779
1743329972125651275
1741185131740602491
1740409163463659885
1737501600275390709
1737493111905902718
1735632815432073340
1735311471779737951
1734620356583833925
1734607325929885936
1734607851065331849
1734599404449923138
1734543489436631109
1733807721474929084
1733592292974313886
1733564037063983180
1733543066907058506
1733539606795010135
1733537413740339636
1733535817732136997
1733529912412090420
1733512108396995003
1733510553472016427
1733431282531483892
1733428978017268206
1733426777681191412
1733401146973098418
1732678883361648843
1732674738726597024
1732416520599552142
1732412145651085564
1732407157138542794
1732405399876206882
1732313876400603545
1731687053497167944
1730935066392436868
1730896702511415469
1730614719361221023
1730599347362869506
1730595766672974288
1730587982271230233
1730232319909171569
1730231069692023016
1729498406521839841
1728764670608355474
1728751317068177409
1728723073677860945
1728405615834247232
1728380434827145707
1728378790835786154
1728377983633916031
1727652561556046029
1726950151707889976
1723698259103777168
1723700024297615838
1723684766224945271
1723672742178824555
1704044650821046775
1699054608453427643
1699048947908559308
1698641178458005761
1696558742601429011
1695405020131344441
1695383434313548085
1695014153637753102
1695011514397180210
1695009910289743994
1692150993352364501
1692143804957052934
1692136910322319540
1688968196089331713
1688940181972258816
1688903513089179648
1688887346916175872
1688573185397043200
1688557656712060928
1688560844844470273
1688208953937739776
1688208970471632896
1688180974247452672
1687194201245548544
1687075475678429184
1686811580862767104
1686395675762700293
1686371963848335360
1684922573899911168
1683800551681667080
1683793410186960899
1682674327672483840
1683107574571229184
1682740161107443712
1682737432314216448
1682734493776375808
1682310678986608640
1681296872324096001
1681288992619220992
1681286457904726018
1681263711602737152
1680848878956888064
1680566769432289280
1679127972828127234
1678309433196126209
1678307017310470145
1677330959685779456
1677321121086029824
1677317743421321216
1677312883967893505
1677280963984760833
1677278169500471299
1677272836254187523
1677273073140080641
1676607500815151107
1675052604919885826
1673642160665624576
1672663685670510592
1672546482421940225
1672208316238295040
1672188510369988608
1671147720864849922
1670475847562608641
1670475560085069828
1669299673813725188
1668662331994255363
1668164121169100801
1667925903924506626
1665966314706411520
1665759098334240768
1665755286227886082
1665687645966553090
1665456782955642880
1665425970495385602
1665426195880595457
1665422005170995206
1665358084103888896
1665335817424846849
1665322412156518400
1664998319683149824
1664976010905890816
1664679418403475457
1664677891466985499
1664649939161415683
1664599711049826304
1664596863134097410
1664597465620676610
1664582008268308482
1663845466734305283
1663831422061166598
1663829354806124544
1663828089552482310
1663127813837189120
1661282444966764546
1660877373267492864
1658986232884633601
1658694186475073536
1653307963996794880
1653287979916357633
1652946870790938626
1652129355668291584
1649383847853977602
1649305265567825922
1649304257357811713
1648914698782543872
1648906490827399169
1648162515417960449
1647926884452429824
1647543760849637377
1647541235719229440
1647534012532166658
1647467030759755776
1647316599236603904
1647061591144431616
1647058647112101888
1647038473831092224
1647031318235201537
1646698510866333697
1645394289462235136
1645359898027507718
1645323283699752961
1645314856172797953
1645295742414909440
1645307334468734978
1645230812911276032
1644968447556849665
1644534747945918470
1644523622516809728
1644298385535696897
1644266761741828102
1644264455784787968
1643917441607794689
1643915157805076481
1643911079658147840
1643828956372803586
1642327289550741504
